DJI_20251222151152_0001_V 0.000000 0.000000 -142.093000 -0.00890758 -0.02082511 -0.99907871 0.03645128
DJI_20251222151154_0002_V -3.157398 -0.005121 -142.156000 -0.00636379 -0.18823621 -0.98193085 0.01839671
DJI_20251222151156_0003_V -16.759045 0.044601 -142.123000 -0.00000010 -0.17277520 -0.98483977 0.01547107
DJI_20251222151158_0004_V -37.785614 0.161714 -142.206000 -0.00498778 -0.18308194 -0.98296530 0.01534077
DJI_20251222151200_0005_V -63.627533 0.245522 -142.203000 -0.00309983 -0.18822954 -0.98198184 0.01648330
DJI_20251222151202_0006_V -92.463312 0.397305 -142.181000 -0.00926562 -0.18738084 -0.98213680 0.01448699
DJI_20251222151204_0007_V -122.784400 0.507834 -142.144000 -0.00901715 -0.16936589 -0.98537496 0.01643407
DJI_20251222151206_0008_V -152.975207 0.598627 -142.201000 -0.00243806 -0.16504923 -0.98612453 0.01764153
DJI_20251222151208_0009_V -182.951495 0.720076 -142.230000 0.00703004 -0.16331591 -0.98639361 0.01749690
DJI_20251222151210_0010_V -212.954062 0.822783 -142.287000 0.00860433 -0.16676240 -0.98578293 0.01866244
DJI_20251222151212_0011_V -242.936343 0.996673 -142.197000 0.00014779 -0.16934944 -0.98539057 0.01806025
DJI_20251222151214_0012_V -272.968286 1.114556 -142.206000 0.00287452 -0.16847203 -0.98557361 0.01592379
DJI_20251222151216_0013_V -303.014831 1.133785 -142.138000 0.01203324 -0.17277581 -0.98469856 0.01929926
DJI_20251222151218_0014_V -333.023011 1.261392 -142.176000 0.00516250 -0.16675144 -0.98581965 0.01808092
DJI_20251222151220_0015_V -363.081387 1.373018 -142.204000 0.00272760 -0.16848649 -0.98552649 0.01850392
DJI_20251222151222_0016_V -393.085111 1.565523 -142.189000 -0.00760216 -0.16504921 -0.98611333 0.01677701
DJI_20251222151224_0017_V -423.135926 1.708215 -142.200000 0.00100458 -0.16503171 -0.98611949 0.01821764
DJI_20251222151226_0018_V -453.178696 1.844939 -142.210000 0.00458963 -0.16330312 -0.98640231 0.01793050
DJI_20251222151228_0019_V -483.187056 1.988365 -142.197000 -0.00573915 -0.16419405 -0.98627812 0.01621244
DJI_20251222151230_0020_V -513.168310 2.089121 -142.190000 0.00373566 -0.16932870 -0.98539195 0.01779133
DJI_20251222151232_0021_V -543.155232 2.217603 -142.180000 -0.00556436 -0.17280064 -0.98479449 0.01699365
DJI_20251222151234_0022_V -573.200308 2.330000 -142.182000 0.00287574 -0.16934416 -0.98539484 0.01764355
DJI_20251222151236_0023_V -603.253502 2.454691 -142.192000 0.00014628 -0.16762906 -0.98568459 0.01806564
DJI_20251222151238_0024_V -633.277304 2.564460 -142.203000 0.00430472 -0.16332441 -0.98640007 0.01793043
DJI_20251222151241_0025_V -663.274777 2.690061 -142.213000 -0.00071680 -0.16503321 -0.98612477 0.01792960
DJI_20251222151243_0026_V -693.339913 2.716305 -142.216000 0.00961137 -0.16501666 -0.98604803 0.01965699
DJI_20251222151245_0027_V -723.351498 2.906557 -142.187000 0.00272674 -0.16675234 -0.98585217 0.01678421
DJI_20251222151247_0028_V -753.386219 3.041156 -142.187000 0.00689048 -0.16073865 -0.98680241 0.01834706
DJI_20251222151249_0029_V -783.355267 3.225982 -142.294000 -0.00329002 -0.17105775 -0.98512980 0.01573826
DJI_20251222151251_0030_V -813.320106 3.293928 -142.209000 0.00186937 -0.17192727 -0.98493691 0.01835206
DJI_20251222151253_0031_V -843.347342 3.465834 -142.181000 -0.00156829 -0.17278988 -0.98479755 0.01774775
DJI_20251222151255_0032_V -873.376085 3.551579 -142.196000 0.00444846 -0.17278324 -0.98477033 0.01880294
DJI_20251222151257_0033_V -903.448369 3.719978 -142.203000 -0.00415542 -0.16761621 -0.98569116 0.01733411
DJI_20251222151259_0034_V -933.495591 3.799489 -142.201000 0.00372869 -0.16330519 -0.98640818 0.01778804
DJI_20251222151301_0035_V -963.482403 3.926077 -142.306000 -0.00415110 -0.17021157 -0.98524666 0.01731481
DJI_20251222151303_0036_V -993.463375 4.012793 -142.148000 0.00702687 -0.17276343 -0.98475005 0.01925506
DJI_20251222151305_0037_V -1023.461970 4.228699 -142.136000 -0.00655150 -0.18052646 -0.98339044 0.01762158
DJI_20251222151307_0038_V -1053.473254 4.401409 -142.201000 -0.00384822 -0.17193813 -0.98497698 0.01558275
DJI_20251222151309_0039_V -1083.627420 4.544599 -142.206000 -0.01246968 -0.16678768 -0.98578602 0.01588419
DJI_20251222151311_0040_V -1113.627512 4.674514 -142.233000 -0.00903177 -0.16592481 -0.98598662 0.01475698
DJI_20251222151313_0041_V -1143.677515 4.766899 -142.189000 -0.00071853 -0.16331307 -0.98644078 0.01621472
DJI_20251222151315_0042_V -1173.703760 4.868922 -142.158000 0.00028192 -0.16159005 -0.98670763 0.01722302
DJI_20251222151317_0043_V -1203.673964 4.947135 -142.157000 -0.00243806 -0.16504923 -0.98615382 0.01592040
DJI_20251222151319_0044_V -1233.659959 5.015984 -142.123000 0.01032207 -0.16848014 -0.98546851 0.01896607
DJI_20251222151321_0045_V -1263.621169 5.217664 -142.257000 -0.00414266 -0.17536874 -0.98434252 0.01727573
DJI_20251222151323_0046_V -1293.647598 5.335420 -142.241000 0.00171881 -0.17364791 -0.98465097 0.01749027
DJI_20251222151325_0047_V -1323.719364 5.471140 -142.149000 -0.00416095 -0.16417395 -0.98626986 0.01735974
DJI_20251222151327_0048_V -1353.769861 5.604145 -142.254000 -0.00086082 -0.16418678 -0.98630944 0.01535089
DJI_20251222151329_0049_V -1383.798643 5.700569 -142.349000 0.00602484 -0.16504453 -0.98609939 0.01822079
DJI_20251222151331_0050_V -1413.769911 5.862505 -142.237000 0.00100473 -0.16504673 -0.98611697 0.01821762
DJI_20251222151333_0051_V -1443.839004 5.998599 -142.094000 -0.00229041 -0.16675741 -0.98582187 0.01849199
DJI_20251222151335_0052_V -1473.823079 6.126661 -142.090000 0.00702875 -0.16761897 -0.98563912 0.01923526
DJI_20251222151337_0053_V -1503.895099 6.284442 -142.151000 0.00186392 -0.16246314 -0.98654193 0.01836495
DJI_20251222151339_0054_V -1530.435416 6.833765 -141.801000 0.06902044 0.19189332 -0.97896048 -0.00703643
DJI_20251222151340_0055_V -1540.524044 14.137721 -142.058000 0.18686053 -0.02058007 -0.45304818 0.87143959
DJI_20251222151342_0056_V -1540.822255 28.508794 -142.230000 -0.01299088 -0.15735163 0.03740505 0.98674848
DJI_20251222151344_0057_V -1540.038120 49.336403 -142.293000 0.02884171 -0.04180802 0.04476767 0.99770542
DJI_20251222151346_0058_V -1535.179512 63.797007 -142.201000 0.20008216 0.00791736 0.63539271 0.74577513
DJI_20251222151348_0059_V -1521.897287 66.023031 -142.239000 0.00174015 -0.14348311 0.98964126 -0.00444338
DJI_20251222151350_0060_V -1502.485274 65.983328 -142.118000 0.00185524 -0.14781967 0.98889990 -0.01492969
DJI_20251222151352_0061_V -1477.462777 65.835955 -142.159000 -0.00321753 -0.13746160 0.99038709 -0.01507846
DJI_20251222151354_0062_V -1449.134360 65.695292 -142.234000 -0.00431978 -0.14089989 0.98990175 -0.01493575
DJI_20251222151356_0063_V -1418.930304 65.573290 -142.250000 0.00809674 -0.11144468 0.99361493 -0.01561722
DJI_20251222151358_0064_V -1388.720898 65.448364 -142.201000 -0.00076564 -0.11581676 0.99316250 -0.01463388
DJI_20251222151400_0065_V -1358.673431 65.330626 -142.138000 -0.00675410 -0.10714109 0.99410970 -0.01486872
DJI_20251222151402_0066_V -1328.699750 65.175044 -142.303000 0.00010560 -0.12100309 0.99254289 -0.01472575
DJI_20251222151404_0067_V -1298.705249 65.050616 -142.317000 0.00000009 -0.11408233 0.99337446 -0.01387102
DJI_20251222151406_0068_V -1268.634013 64.942684 -142.256000 0.00356669 -0.11234447 0.99354768 -0.01513278
DJI_20251222151408_0069_V -1238.658926 64.882839 -142.270000 0.00876932 -0.11232423 0.99347960 -0.01745447
DJI_20251222151410_0070_V -1208.650861 64.737288 -142.239000 0.00693511 -0.11494797 0.99321183 -0.01640503
DJI_20251222151412_0071_V -1178.622545 64.665997 -142.220000 0.00693843 -0.11059897 0.99370586 -0.01638261
DJI_20251222151414_0072_V -1148.625244 64.532791 -142.234000 0.00779548 -0.12187919 0.99237639 -0.01654666
DJI_20251222151416_0073_V -1118.576191 64.298731 -142.180000 -0.00086642 -0.11841753 0.99284263 -0.01549349
DJI_20251222151418_0074_V -1088.520639 64.175703 -142.167000 0.00106891 -0.11580225 0.99317348 -0.01396929
DJI_20251222151420_0075_V -1058.425209 64.047128 -142.228000 0.00259930 -0.11927004 0.99273101 -0.01590735
DJI_20251222151422_0076_V -1028.401074 63.893060 -142.212000 0.00096785 -0.11580314 0.99313350 -0.01656936
DJI_20251222151424_0077_V -998.422196 63.750795 -142.219000 0.00357031 -0.12014513 0.99263437 -0.01514647
DJI_20251222151426_0078_V -968.377358 63.637203 -142.246000 0.00270251 -0.11754678 0.99294978 -0.01503950
DJI_20251222151428_0079_V -938.302764 63.480977 -142.219000 0.00020071 -0.11494908 0.99324882 -0.01560320
DJI_20251222151430_0080_V -908.297994 63.388581 -142.297000 -0.00162503 -0.12273673 0.99233188 -0.01450838
DJI_20251222151432_0081_V -878.229225 63.272481 -142.176000 -0.00501072 -0.11061966 0.99376122 -0.01329732
DJI_20251222151434_0082_V -848.108292 63.224906 -142.121000 0.00356275 -0.10452476 0.99440099 -0.01511823
DJI_20251222151436_0083_V -818.195664 63.079191 -142.248000 0.00356575 -0.11059792 0.99374367 -0.01512968
DJI_20251222151438_0084_V -788.182917 62.987240 -142.206000 0.00182949 -0.10801126 0.99400819 -0.01667129
DJI_20251222151440_0085_V -758.239832 62.746633 -142.190000 0.00530036 -0.11059556 0.99370498 -0.01705695
DJI_20251222151442_0086_V -728.279234 62.586410 -142.153000 0.00770626 -0.11235304 0.99351565 -0.01562245
DJI_20251222151444_0087_V -698.372788 62.308533 -142.208000 -0.00249727 -0.11753922 0.99293365 -0.01615722
DJI_20251222151446_0088_V -668.237215 62.360205 -142.196000 0.00953651 -0.11406497 0.99328716 -0.01669892
DJI_20251222151448_0089_V -638.233298 62.136140 -142.148000 0.00780118 -0.11581403 0.99310304 -0.01651043
DJI_20251222151450_0090_V -608.222194 61.970766 -142.183000 0.00520345 -0.11148103 0.99362101 -0.01619269
DJI_20251222151452_0091_V -578.123257 61.985253 -142.134000 0.00346867 -0.11234905 0.99353393 -0.01599981
DJI_20251222151454_0092_V -548.080308 61.820471 -142.120000 0.00424002 -0.11060435 0.99373883 -0.01522614
DJI_20251222151456_0093_V -518.194971 61.536661 -142.195000 -0.00249923 -0.11581792 0.99316247 -0.01443177
DJI_20251222151458_0094_V -488.117571 61.575752 -142.194000 0.00953651 -0.11406497 0.99328716 -0.01669892
DJI_20251222151500_0095_V -458.095052 61.352443 -142.220000 -0.00596232 -0.11840701 0.99282249 -0.01573975
DJI_20251222151502_0096_V -428.082123 61.252271 -142.225000 0.00692996 -0.12100019 0.99251938 -0.01470392
DJI_20251222151504_0097_V -397.869783 61.321125 -142.202000 -0.00326123 -0.11755314 0.99297008 -0.01345509
DJI_20251222151506_0098_V -367.855739 61.137991 -142.217000 0.00107044 -0.11668110 0.99304473 -0.01570181
DJI_20251222151508_0099_V -337.740276 61.110265 -142.208000 0.00453510 -0.11494042 0.99323148 -0.01610444
DJI_20251222151510_0100_V -307.697246 60.943083 -142.176000 0.00780495 -0.11146549 0.99362818 -0.01475012
DJI_20251222151512_0101_V -277.757672 60.774610 -142.204000 0.00530133 -0.11406408 0.99334089 -0.01533492
DJI_20251222151514_0102_V -247.759853 60.616235 -142.196000 0.00269895 -0.11146624 0.99365083 -0.01503405
DJI_20251222151516_0103_V -217.586500 60.626573 -142.183000 0.00347002 -0.10887984 0.99392019 -0.01599376
DJI_20251222151518_0104_V -187.568308 60.533308 -142.209000 0.00280249 -0.11579888 0.99314138 -0.01590472
DJI_20251222151520_0105_V -157.525950 60.418893 -142.197000 -0.00086670 -0.11667069 0.99304935 -0.01549824
DJI_20251222151522_0106_V -127.494238 60.307500 -142.190000 0.00780341 -0.11319972 0.99340468 -0.01649484
DJI_20251222151524_0107_V -97.504394 60.152522 -142.212000 0.00000000 -0.11667074 0.99304812 -0.01560005
DJI_20251222151526_0108_V -67.452024 60.084687 -142.178000 0.00443382 -0.11234333 0.99354282 -0.01523074
DJI_20251222151528_0109_V -37.475598 59.942017 -142.209000 0.00606564 -0.11840176 0.99281312 -0.01631973
DJI_20251222151530_0110_V -10.011604 60.178605 -142.066000 -0.05835763 0.23430981 0.96987161 -0.03228562
DJI_20251222151532_0111_V 1.519554 66.562096 -142.251000 -0.21002352 -0.01043280 0.59005047 0.77950094
DJI_20251222151534_0112_V 3.283370 80.945313 -142.187000 -0.03081649 -0.15210330 0.04859060 0.98668834
DJI_20251222151536_0113_V 4.107373 101.739845 -142.161000 -0.08739919 -0.07601366 0.03996335 0.99246473
DJI_20251222151538_0114_V 0.742414 116.913895 -142.181000 -0.22208699 -0.00799655 -0.52370001 0.82240606
DJI_20251222151540_0115_V -11.904985 119.633929 -142.182000 -0.01319762 -0.16670465 -0.98554696 0.02706600
DJI_20251222151542_0116_V -30.512345 119.814047 -142.272000 -0.00326673 -0.18651235 -0.98232272 0.01563776
DJI_20251222151544_0117_V -55.195426 119.968691 -142.274000 -0.00963699 -0.18653661 -0.98228327 0.01519213
DJI_20251222151546_0118_V -83.329549 120.055872 -142.258000 -0.00551632 -0.18567823 -0.98247820 0.01515728
DJI_20251222151548_0119_V -113.417054 120.184866 -142.209000 -0.01490520 -0.16680122 -0.98576996 0.01458679
DJI_20251222151550_0120_V -143.697841 120.283656 -142.267000 -0.00904274 -0.16333215 -0.98644315 0.01306717
DJI_20251222151552_0121_V -173.723993 120.389000 -142.257000 -0.00815712 -0.16936499 -0.98540757 0.01486214
DJI_20251222151554_0122_V -203.779444 120.503279 -142.252000 -0.00056775 -0.16763031 -0.98573043 0.01533879
DJI_20251222151556_0123_V -233.831787 120.583809 -142.163000 -0.00128679 -0.16591192 -0.98600894 0.01606054
DJI_20251222151558_0124_V -263.871844 120.738495 -142.177000 -0.00501711 -0.16677090 -0.98583296 0.01719501
DJI_20251222151600_0125_V -293.894873 120.810346 -142.154000 0.00014478 -0.16590818 -0.98597561 0.01807097
DJI_20251222151602_0126_V -323.958221 120.921779 -142.230000 0.00258195 -0.16503202 -0.98612698 0.01764507
DJI_20251222151604_0127_V -353.976549 121.040054 -142.264000 0.00258395 -0.16074201 -0.98683532 0.01764616
DJI_20251222151606_0128_V -384.037931 121.204035 -142.243000 -0.00816066 -0.16850491 -0.98552737 0.01659218
DJI_20251222151608_0129_V -414.087878 121.306662 -142.196000 0.00200820 -0.16418334 -0.98630156 0.01578066
DJI_20251222151610_0130_V -445.552555 121.449091 -142.100000 -0.00301343 -0.16419430 -0.98626811 0.01750312
DJI_20251222151612_0131_V -474.170170 121.586313 -142.126000 -0.01074110 -0.16850723 -0.98550956 0.01615070
DJI_20251222151614_0132_V -504.127458 121.705823 -142.154000 0.00202178 -0.17363265 -0.98468212 0.01577173
DJI_20251222151616_0133_V -534.119677 121.858828 -142.204000 0.00015229 -0.17450745 -0.98452050 0.01632546
DJI_20251222151618_0134_V -564.185680 121.973984 -142.302000 -0.00587260 -0.16935153 -0.98541935 0.01530574
DJI_20251222151620_0135_V -594.259555 122.082961 -142.234000 -0.00157345 -0.16847705 -0.98557366 0.01604876
DJI_20251222151622_0136_V -624.265023 122.236044 -142.219000 -0.00243136 -0.17019760 -0.98527879 0.01589230
DJI_20251222151624_0137_V -654.315094 122.351666 -142.194000 0.00201184 -0.16675322 -0.98587036 0.01577839
DJI_20251222151626_0138_V -684.416054 122.503652 -142.187000 -0.00388860 -0.15989039 -0.98697390 0.01739154
DJI_20251222151628_0139_V -714.412732 122.595516 -142.267000 -0.00474116 -0.16246367 -0.98658125 0.01550877
DJI_20251222151630_0140_V -744.371899 122.660246 -142.247000 0.00287014 -0.16504228 -0.98615376 0.01592389
DJI_20251222151632_0141_V -774.385545 122.832121 -142.225000 -0.00815367 -0.17021294 -0.98526163 0.01485208
DJI_20251222151634_0142_V -804.459835 122.975561 -142.270000 -0.00901715 -0.16936589 -0.98540214 0.01471425
DJI_20251222151636_0143_V -834.461962 123.080009 -142.279000 -0.00557396 -0.17020949 -0.98527338 0.01529796
DJI_20251222151638_0144_V -864.469594 123.199866 -142.253000 -0.00744755 -0.16849744 -0.98554604 0.01587927
DJI_20251222151640_0145_V -894.483139 123.365922 -142.277000 -0.00561158 -0.15987991 -0.98697218 0.01711231
DJI_20251222151642_0146_V -924.485252 123.470624 -142.254000 -0.00485801 -0.17192348 -0.98499053 0.01457305
DJI_20251222151644_0147_V -954.503032 123.556727 -142.226000 -0.00385123 -0.17106640 -0.98512864 0.01558894
DJI_20251222151646_0148_V -984.524479 123.719852 -142.191000 -0.00972481 -0.17023515 -0.98523490 0.01541467
DJI_20251222151648_0149_V -1014.566451 123.830440 -142.188000 -0.00157936 -0.16332715 -0.98646632 0.01435051
DJI_20251222151650_0150_V -1044.578749 123.904551 -142.109000 -0.00400912 -0.16762127 -0.98570566 0.01647394
DJI_20251222151652_0151_V -1074.589610 124.071150 -142.141000 -0.00890896 -0.16161643 -0.98668900 0.01567108
DJI_20251222151654_0152_V -1104.565165 124.176711 -142.253000 -0.00643377 -0.17022278 -0.98524020 0.01686901
DJI_20251222151656_0153_V -1134.541449 124.337777 -142.235000 -0.00733106 -0.16074382 -0.98682554 0.01682374
DJI_20251222151658_0154_V -1164.638943 124.435737 -142.222000 -0.00317872 -0.15470169 -0.98781492 0.01670218
DJI_20251222151700_0155_V -1194.622523 124.547604 -142.189000 -0.00388587 -0.16073823 -0.98683630 0.01738517
DJI_20251222151702_0156_V -1224.542960 124.700424 -142.244000 -0.00143871 -0.16245394 -0.98656971 0.01693699
DJI_20251222151704_0157_V -1254.484248 124.825337 -142.154000 -0.00831049 -0.16763750 -0.98568798 0.01574220
DJI_20251222151706_0158_V -1284.438267 124.910132 -142.181000 0.00631815 -0.17276122 -0.98477447 0.01824501
DJI_20251222151708_0159_V -1314.550302 125.106867 -142.268000 -0.01478370 -0.16337187 -0.98633182 0.01551165
DJI_20251222151710_0160_V -1344.558343 125.265026 -142.209000 -0.01220119 -0.16335775 -0.98641229 0.01249655
DJI_20251222151712_0161_V -1374.564997 125.318586 -142.249000 -0.01078372 -0.15903823 -0.98710609 0.01456411
DJI_20251222151714_0162_V -1404.564866 125.461625 -142.298000 0.00028806 -0.16504735 -0.98616393 0.01549190
DJI_20251222151716_0163_V -1434.532937 125.608247 -142.244000 -0.00886500 -0.17022313 -0.98526842 0.01384364
DJI_20251222151718_0164_V -1464.564265 125.723325 -142.176000 -0.00158247 -0.16073023 -0.98686605 0.01608372
DJI_20251222151720_0165_V -1494.561507 125.869732 -142.100000 -0.00917657 -0.16591686 -0.98597337 0.01561741
DJI_20251222151722_0166_V -1523.050915 126.159280 -141.914000 0.06229294 0.18481827 -0.98077786 0.00604823
DJI_20251222151724_0167_V -1535.693422 131.566476 -142.077000 0.19616309 -0.00000154 -0.65025997 0.73394960
DJI_20251222151726_0168_V -1536.928933 144.982875 -142.175000 -0.01254399 -0.15824605 0.03311113 0.98676466
DJI_20251222151728_0169_V -1536.254899 164.700425 -142.212000 0.00703384 -0.14607339 0.04158186 0.98837444
DJI_20251222151730_0170_V -1532.900822 181.983562 -142.110000 0.19647745 0.01132570 0.42887429 0.88166614
DJI_20251222151732_0171_V -1520.505616 185.669893 -142.255000 0.02598135 -0.10340831 0.99424529 0.01039158
DJI_20251222151734_0172_V -1502.292725 185.602074 -142.189000 0.00629813 -0.14608008 0.98914343 -0.01470433
DJI_20251222151736_0173_V -1478.016312 185.472592 -142.165000 0.00098821 -0.14262807 0.98963774 -0.01653480
DJI_20251222151738_0174_V -1450.093646 185.292717 -142.222000 -0.00247427 -0.13658185 0.99049540 -0.01606693
DJI_20251222151740_0175_V -1420.118437 185.195425 -142.263000 0.00183648 -0.11841433 0.99285022 -0.01493697
DJI_20251222151742_0176_V -1389.941163 185.067009 -142.179000 0.00433363 -0.11668324 0.99302908 -0.01610882
DJI_20251222151744_0177_V -1359.965334 184.923703 -142.201000 0.00173370 -0.11581743 0.99314327 -0.01580366
DJI_20251222151746_0178_V -1330.006028 184.826455 -142.286000 0.00453294 -0.11320650 0.99343069 -0.01610000
DJI_20251222151748_0179_V -1300.022068 184.671106 -142.285000 0.00173269 -0.12013666 0.99263006 -0.01580318
DJI_20251222151750_0180_V -1270.107240 184.527247 -142.290000 0.00000000 -0.12273546 0.99231699 -0.01558856
DJI_20251222151752_0181_V -1240.023724 184.468847 -142.237000 0.00443469 -0.11493223 0.99321845 -0.01697127
DJI_20251222151754_0182_V -1209.965960 184.351681 -142.178000 0.00867396 -0.10974376 0.99378395 -0.01656921
DJI_20251222151756_0183_V -1178.578565 184.209059 -142.164000 -0.00520064 -0.11581602 0.99314387 -0.01499520
DJI_20251222151758_0184_V -1150.096720 184.083553 -142.215000 -0.00335715 -0.12273769 0.99230406 -0.01602605
DJI_20251222151800_0185_V -1120.062937 183.975563 -142.192000 0.00096852 -0.11666989 0.99303207 -0.01656843
DJI_20251222151802_0186_V -1090.076453 183.833157 -142.226000 0.00422332 -0.12275162 0.99231114 -0.01525785
DJI_20251222151804_0187_V -1060.034988 183.746994 -142.230000 0.00010257 -0.11753735 0.99293195 -0.01646494
DJI_20251222151806_0188_V -1030.061758 183.604583 -142.358000 0.00086578 -0.12533319 0.99199021 -0.01569281
DJI_20251222151808_0189_V -1000.091460 183.483773 -142.390000 0.00443909 -0.12792511 0.99162816 -0.01700160
DJI_20251222151810_0190_V -969.969704 183.346575 -142.130000 0.00163625 -0.11233742 0.99355650 -0.01493687
DJI_20251222151812_0191_V -939.991234 183.210646 -142.238000 0.00779714 -0.12014674 0.99258779 -0.01653637
DJI_20251222151814_0192_V -909.965458 183.109301 -142.125000 0.00606701 -0.11668217 0.99301680 -0.01631226
DJI_20251222151816_0193_V -879.981551 182.964374 -142.153000 -0.00076983 -0.11148323 0.99363103 -0.01637926
DJI_20251222151818_0194_V -849.995149 182.831882 -142.262000 -0.00163346 -0.11493844 0.99323803 -0.01626939
DJI_20251222151820_0195_V -819.977112 182.715292 -142.236000 0.00433526 -0.11320214 0.99343207 -0.01610008
DJI_20251222151822_0196_V -789.994373 182.659908 -142.212000 -0.00066134 -0.11755230 0.99291701 -0.01722886
DJI_20251222151824_0197_V -760.045014 182.521020 -142.219000 0.00519859 -0.11926881 0.99271590 -0.01621940
DJI_20251222151826_0198_V -728.632809 182.315385 -142.189000 -0.00163066 -0.11753869 0.99293384 -0.01625981
DJI_20251222151828_0199_V -700.005070 182.199177 -142.179000 0.00009955 -0.11407018 0.99333613 -0.01647165
DJI_20251222151830_0200_V -669.995089 182.092141 -142.198000 -0.00423289 -0.11580662 0.99313448 -0.01596294
DJI_20251222151832_0201_V -639.984736 181.957479 -142.230000 -0.00076733 -0.11408300 0.99336307 -0.01463837
DJI_20251222151834_0202_V -609.953891 181.878605 -142.213000 0.00086723 -0.11146889 0.99364341 -0.01570669
DJI_20251222151836_0203_V -579.978138 181.752892 -142.223000 0.00606701 -0.11668217 0.99301680 -0.01631226
DJI_20251222151838_0204_V -550.037111 181.645279 -142.230000 0.01039607 -0.12014386 0.99255904 -0.01685042
DJI_20251222151840_0205_V -519.981845 181.526949 -142.181000 0.00780572 -0.11059825 0.99369791 -0.01647902
DJI_20251222151842_0206_V -489.984240 181.355587 -142.168000 0.00260127 -0.11321644 0.99343967 -0.01590256
DJI_20251222151844_0207_V -460.000672 181.242634 -142.162000 0.00433318 -0.11754989 0.99292683 -0.01611100
DJI_20251222151846_0208_V -430.000691 181.093029 -142.197000 0.00443501 -0.11579906 0.99311772 -0.01697338
DJI_20251222151848_0209_V -399.937937 181.012092 -142.202000 0.00010030 -0.11493711 0.99326345 -0.01473644
DJI_20251222151850_0210_V -369.977780 180.865207 -142.205000 0.00269945 -0.11233342 0.99355315 -0.01503487
DJI_20251222151852_0211_V -339.972641 180.728242 -142.204000 0.00376659 -0.11407065 0.99335019 -0.01513591
DJI_20251222151854_0212_V -309.914852 180.622857 -142.193000 0.00183065 -0.10974470 0.99384589 -0.01493660
DJI_20251222151856_0213_V -279.983614 180.457364 -142.196000 -0.00173428 -0.11233594 0.99354925 -0.01541183
DJI_20251222151858_0214_V -249.979116 180.369916 -142.184000 0.00009349 -0.10713171 0.99413542 -0.01474938
DJI_20251222151900_0215_V -219.971633 180.257958 -142.196000 0.00173528 -0.10713159 0.99411772 -0.01580385
DJI_20251222151902_0216_V -189.933694 180.051024 -142.181000 0.00086756 -0.10799931 0.99402646 -0.01570967
DJI_20251222151904_0217_V -159.969137 179.975617 -142.211000 0.00173445 -0.11146876 0.99364075 -0.01580393
DJI_20251222151906_0218_V -129.977474 179.857542 -142.214000 0.00790228 -0.11407196 0.99331805 -0.01563315
DJI_20251222151908_0219_V -99.922139 179.740400 -142.194000 0.00347068 -0.10714473 0.99410878 -0.01599067
DJI_20251222151910_0220_V -69.946095 179.600730 -142.214000 -0.00250440 -0.11147078 0.99363275 -0.01618470
DJI_20251222151912_0221_V -40.005231 179.513027 -142.211000 0.00279631 -0.11147443 0.99366238 -0.01416687
DJI_20251222151914_0222_V -10.611499 179.467389 -142.158000 -0.04665667 0.22233957 0.97360577 -0.02191054
DJI_20251222151916_0223_V 4.437701 183.468046 -142.267000 -0.21770333 0.01194814 0.80214695 0.55589816
DJI_20251222151918_0224_V 7.726829 196.479661 -142.183000 -0.03195277 -0.15204552 0.05706207 0.98620743
DJI_20251222151920_0225_V 8.542465 215.709699 -142.184000 -0.02549611 -0.15386352 0.04503882 0.98673577
DJI_20251222151922_0226_V 7.268386 234.262112 -142.066000 -0.22675431 0.03359263 -0.20102141 0.95238879
DJI_20251222151924_0227_V -4.500259 239.143335 -142.174000 -0.02434069 -0.11446834 -0.99111476 0.06321439
DJI_20251222151926_0228_V -20.804696 239.347957 -142.289000 -0.00755746 -0.18479505 -0.98260853 0.01655739
DJI_20251222151928_0229_V -44.152485 239.471082 -142.321000 -0.00497978 -0.18737119 -0.98218253 0.01359072
DJI_20251222151930_0230_V -71.585708 239.549077 -142.294000 0.00102254 -0.18995140 -0.98165525 0.01644374
DJI_20251222151932_0231_V -101.402742 239.715497 -142.236000 -0.00643377 -0.17022278 -0.98524020 0.01686901
DJI_20251222151934_0232_V -131.701884 239.823230 -142.206000 -0.00746349 -0.16332068 -0.98641611 0.01593488
DJI_20251222151936_0233_V -161.754228 239.928175 -142.174000 -0.00056461 -0.16933717 -0.98541048 0.01705255
DJI_20251222151938_0234_V -191.745471 240.027860 -142.180000 -0.00041194 -0.17107096 -0.98509591 0.01790554
DJI_20251222151940_0235_V -221.796464 240.231537 -142.267000 -0.00573211 -0.16676238 -0.98584754 0.01618904
DJI_20251222151942_0236_V -251.795082 240.288179 -142.158000 0.00028656 -0.16418660 -0.98627902 0.01721556
DJI_20251222151944_0237_V -283.338853 240.416740 -142.217000 -0.00502012 -0.16504979 -0.98615084 0.01548820
DJI_20251222151946_0238_V -311.794187 240.543350 -142.188000 -0.01317441 -0.16851997 -0.98547091 0.01656910
DJI_20251222151948_0239_V -341.830954 240.676727 -142.204000 -0.00229602 -0.16417702 -0.98628539 0.01678571
DJI_20251222151950_0240_V -371.809394 240.814043 -142.211000 -0.00731070 -0.16592283 -0.98599684 0.01504674
DJI_20251222151952_0241_V -401.800685 240.920478 -142.204000 -0.00746075 -0.16419505 -0.98627111 0.01592572
