DJI_20251222151224_0017_V -423.135926 1.708215 -142.200000 0.00100458 -0.16503171 -0.98611949 0.01821764
DJI_20251222151226_0018_V -453.178696 1.844939 -142.210000 0.00458963 -0.16330312 -0.98640231 0.01793050
DJI_20251222151228_0019_V -483.187056 1.988365 -142.197000 -0.00573915 -0.16419405 -0.98627812 0.01621244
DJI_20251222151230_0020_V -513.168310 2.089121 -142.190000 0.00373566 -0.16932870 -0.98539195 0.01779133
DJI_20251222151232_0021_V -543.155232 2.217603 -142.180000 -0.00556436 -0.17280064 -0.98479449 0.01699365
DJI_20251222151234_0022_V -573.200308 2.330000 -142.182000 0.00287574 -0.16934416 -0.98539484 0.01764355
DJI_20251222151236_0023_V -603.253502 2.454691 -142.192000 0.00014628 -0.16762906 -0.98568459 0.01806564
DJI_20251222151238_0024_V -633.277304 2.564460 -142.203000 0.00430472 -0.16332441 -0.98640007 0.01793043
DJI_20251222151241_0025_V -663.274777 2.690061 -142.213000 -0.00071680 -0.16503321 -0.98612477 0.01792960
DJI_20251222151243_0026_V -693.339913 2.716305 -142.216000 0.00961137 -0.16501666 -0.98604803 0.01965699
DJI_20251222151245_0027_V -723.351498 2.906557 -142.187000 0.00272674 -0.16675234 -0.98585217 0.01678421
DJI_20251222151247_0028_V -753.386219 3.041156 -142.187000 0.00689048 -0.16073865 -0.98680241 0.01834706
DJI_20251222151249_0029_V -783.355267 3.225982 -142.294000 -0.00329002 -0.17105775 -0.98512980 0.01573826
DJI_20251222151251_0030_V -813.320106 3.293928 -142.209000 0.00186937 -0.17192727 -0.98493691 0.01835206
DJI_20251222151253_0031_V -843.347342 3.465834 -142.181000 -0.00156829 -0.17278988 -0.98479755 0.01774775
DJI_20251222151255_0032_V -873.376085 3.551579 -142.196000 0.00444846 -0.17278324 -0.98477033 0.01880294
DJI_20251222151257_0033_V -903.448369 3.719978 -142.203000 -0.00415542 -0.16761621 -0.98569116 0.01733411
DJI_20251222151259_0034_V -933.495591 3.799489 -142.201000 0.00372869 -0.16330519 -0.98640818 0.01778804
DJI_20251222151301_0035_V -963.482403 3.926077 -142.306000 -0.00415110 -0.17021157 -0.98524666 0.01731481
DJI_20251222151303_0036_V -993.463375 4.012793 -142.148000 0.00702687 -0.17276343 -0.98475005 0.01925506