DJI_20251222151152_0001_V 0.000000 0.000000 -142.093000 0.00060291 0.00063091 -0.69088215 0.72296687
DJI_20251222151154_0002_V -3.157398 -0.005121 -142.156000 0.00061166 0.00062243 -0.70090900 0.71325018
DJI_20251222151156_0003_V -16.759045 0.044601 -142.123000 0.00061220 0.00062189 -0.70153116 0.71263825
DJI_20251222151158_0004_V -37.785614 0.161714 -142.206000 0.00061220 0.00062189 -0.70153116 0.71263825
DJI_20251222151200_0005_V -63.627533 0.245522 -142.203000 0.00061220 0.00062189 -0.70153116 0.71263825
DJI_20251222151202_0006_V -92.463312 0.397305 -142.181000 0.00000000 0.00000000 -0.70153143 0.71263852
DJI_20251222151204_0007_V -122.784400 0.507834 -142.144000 0.00000000 0.00000000 -0.70153143 0.71263852
DJI_20251222151206_0008_V -152.975207 0.598627 -142.201000 0.00000000 0.00000000 -0.70090926 0.71325045
DJI_20251222151208_0009_V -182.951495 0.720076 -142.230000 0.00000000 0.00000000 -0.70153143 0.71263852
DJI_20251222151210_0010_V -212.954062 0.822783 -142.287000 0.00000000 0.00000000 -0.70090926 0.71325045
DJI_20251222151212_0011_V -242.936343 0.996673 -142.197000 0.00000000 0.00000000 -0.70090926 0.71325045
DJI_20251222151214_0012_V -272.968286 1.114556 -142.206000 0.00061274 0.00062136 -0.70215279 0.71202577
DJI_20251222151216_0013_V -303.014831 1.133785 -142.138000 0.00000000 0.00000000 -0.70090926 0.71325045
DJI_20251222151218_0014_V -333.023011 1.261392 -142.176000 0.00061166 0.00062243 -0.70090900 0.71325018
DJI_20251222151220_0015_V -363.081387 1.373018 -142.204000 0.00000000 0.00000000 -0.70090926 0.71325045
DJI_20251222151222_0016_V -393.085111 1.565523 -142.189000 0.00000000 0.00000000 -0.70090926 0.71325045
DJI_20251222151224_0017_V -423.135926 1.708215 -142.200000 0.00061166 0.00062243 -0.70090900 0.71325018
DJI_20251222151226_0018_V -453.178696 1.844939 -142.210000 0.00061220 0.00062189 -0.70153116 0.71263825
DJI_20251222151228_0019_V -483.187056 1.988365 -142.197000 0.00000000 0.00000000 -0.70153143 0.71263852
DJI_20251222151230_0020_V -513.168310 2.089121 -142.190000 0.00061220 0.00062189 -0.70153116 0.71263825
DJI_20251222151232_0021_V -543.155232 2.217603 -142.180000 0.00000000 0.00000000 -0.70153143 0.71263852
DJI_20251222151234_0022_V -573.200308 2.330000 -142.182000 0.00000000 0.00000000 -0.70153143 0.71263852
DJI_20251222151236_0023_V -603.253502 2.454691 -142.192000 0.00000000 0.00000000 -0.70090926 0.71325045
DJI_20251222151238_0024_V -633.277304 2.564460 -142.203000 0.00000000 0.00000000 -0.70090926 0.71325045
DJI_20251222151241_0025_V -663.274777 2.690061 -142.213000 0.00061166 0.00062243 -0.70090900 0.71325018
DJI_20251222151243_0026_V -693.339913 2.716305 -142.216000 0.00061166 0.00062243 -0.70090900 0.71325018
DJI_20251222151245_0027_V -723.351498 2.906557 -142.187000 0.00061220 0.00062189 -0.70153116 0.71263825
DJI_20251222151247_0028_V -753.386219 3.041156 -142.187000 0.00000000 0.00000000 -0.70090926 0.71325045
